"Station Name","STANHOPE"
"Province","PRINCE EDWARD ISLAND"
"Latitude","46.42"
"Longitude","-63.08"
"Elevation","3.00"
"Climate Identifier","8300590"
"WMO Identifier",""
"TC Identifier","ANH"

"Legend"
"B","More than one occurrence and estimated"
"E","Estimated"
"M","Missing"
"S","More than one occurrence"
"T","Trace"
"[empty]","No data available"
"^","The value displayed is based on incomplete data"

"Date/Time","Year","Month","Mean Max Temp (°C)","Mean Max Temp Flag","Mean Min Temp (°C)","Mean Min Temp Flag","Mean Temp (°C)","Mean Temp Flag","Extr Max Temp (°C)","Extr Max Temp Flag","Extr Min Temp (°C)","Extr Min Temp Flag","Total Rain (mm)","Total Rain Flag","Total Snow (cm)","Total Snow Flag","Total Precip (mm)","Total Precip Flag","Snow Grnd Last Day (cm)","Snow Grnd Last Day Flag","Dir of Max Gust (10's deg)","Dir of Max Gust Flag","Spd of Max Gust (km/h)","Spd of Max Gust Flag"
"1961-01","1961","01","","M","","M","","M","","M","","M","","M","","M","","M","","",,"",,""
"1961-02","1961","02","","M","","M","","M","","M","","M","","M","","M","","M","","",,"",,""
"1961-03","1961","03","","M","","M","","M","","M","","M","","M","","M","","M","","",,"",,""
"1961-04","1961","04","","M","","M","","M","","M","","M","","M","","M","","M","","",,"",,""
"1961-05","1961","05","","M","","M","","M","","M","","M","","M","","M","","M","","",,"",,""
"1961-06","1961","06","","M","","M","","M","28.3","","","M","","M","0.0","","","M","","",,"",,""
"1961-07","1961","07","22.5","","14.4","","18.5","","28.9","","","M","5.3","","0.0","","5.3","","","",,"",,""
"1961-08","1961","08","23.8","","14.2","","19.0","","29.4","","8.3","S","36.6","","0.0","","36.6","","","",,"",,""
"1961-09","1961","09","21.3","","12.9","","17.1","","28.3","","","M","53.3","","0.0","","53.3","","","",,"",,""
"1961-10","1961","10","","M","","M","","M","","M","","M","","M","","M","","M","","",,"",,""
"1961-11","1961","11","7.8","","","M","","M","18.3","","-3.9","S","97.0","","","M","","M","","",,"",,""
"1961-12","1961","12","","M","","M","","M","","M","","M","","M","","M","","M","","",,"",,""
"1962-01","1962","01","","M","","M","","M","","M","","M","","M","","M","","M","","M",,"",,""
"1962-02","1962","02","","M","","M","","M","8.9","","-26.1","","23.1","","92.2","","115.3","","33","",,"",,""
"1962-03","1962","03","","M","","M","","M","","M","","M","","M","","M","","M","","M",,"",,""
"1962-04","1962","04","","M","","M","","M","","M","","M","","M","","M","","M","","M",,"",,""
"1962-05","1962","05","","M","","M","","M","","M","","M","40.1","","0.0","T","40.1","","0","",,"",,""
"1962-06","1962","06","","M","","M","","M","","M","","M","81.0","","0.0","","81.0","","0","",,"",,""
"1962-07","1962","07","18.4","","10.3","","14.4","","26.7","S","5.6","S","142.0","","0.0","","142.0","","0","",,"",,""
"1962-08","1962","08","","M","","M","","M","","M","","M","","M","","M","","M","","M",,"",,""
"1962-09","1962","09","16.9","","","M","","M","22.2","S","1.7","","","M","0.0","","","M","","M",,"",,""
"1962-10","1962","10","","M","","M","","M","","M","","M","","M","","M","","M","","M",,"",,""
"1962-11","1962","11","","M","","M","","M","","M","","M","","M","","M","","M","","M",,"",,""
"1962-12","1962","12","","M","","M","","M","","M","","M","38.1","","84.3","","122.4","","","M",,"",,""
"1963-01","1963","01","","","","","","","7.2","S","-16.7","S","98.8","","95.8","","194.6","","","M",,"",,""
"1963-02","1963","02","","","","","","","","M","","M","","M","","M","","M","","M",,"",,""
"1963-03","1963","03","","","","","","","","M","","M","","M","","M","","M","","M",,"",,""
"1963-04","1963","04","","","","","","","","M","","M","","M","","M","","M","","M",,"",,""
"1963-05","1963","05","","","","","","","24.4","S","-3.3","","77.5","","0.0","","77.5","","0","",,"",,""
"1963-06","1963","06","","","","","","","27.8","","","M","56.1","","0.0","","56.1","","0","",,"",,""
"1963-07","1963","07","","","","","","","","M","","M","","M","","M","","M","","M",,"",,""
"1963-08","1963","08","","","","","","","","M","","M","","M","","M","","M","","M",,"",,""
"1963-09","1963","09","","","","","","","","M","","M","","M","","M","","M","","M",,"",,""
"1963-10","1963","10","","","","","","","","M","","M","","M","","M","","M","","M",,"",,""
"1963-11","1963","11","","","","","","","","M","","M","","M","","M","","M","","M",,"",,""
"1963-12","1963","12","","","","","","","","M","","M","","M","","M","","M","","M",,"",,""
"1964-01","1964","01","","M","","","","","","M","","M","","M","","M","","M","","M",,"",,""
"1964-02","1964","02","","M","","","","","","M","","M","","M","","M","","M","","M",,"",,""
"1964-03","1964","03","","M","","","","","","M","","M","","M","","M","","M","","M",,"",,""
"1964-04","1964","04","","M","","","","","","M","","M","","M","","M","","M","","M",,"",,""
"1964-05","1964","05","","M","","","","","27.2","","-2.8","","","M","0.0","","","M","0","",,"",,""
"1964-06","1964","06","17.6","","","","","","27.8","","3.3","S","","M","0.0","","","M","0","",,"",,""
"1964-07","1964","07","21.3","","","","","","28.3","","11.7","","59.4","","0.0","","59.4","","0","",,"",,""
"1964-08","1964","08","","M","","","","","26.1","","","M","71.9","","0.0","","71.9","","0","",,"",,""
"1964-09","1964","09","","M","","","","","23.3","","1.1","","53.6","","0.0","","53.6","","0","",,"",,""
"1964-10","1964","10","","M","","","","","20.0","","-1.1","","","M","0.0","","","M","0","",,"",,""
"1964-11","1964","11","","M","","","","","","M","","M","","M","","M","","M","","M",,"",,""
"1964-12","1964","12","","M","","","","","","M","","M","","M","","M","","M","","M",,"",,""
"1965-01","1965","01","","","","","","","","M","","M","","M","","M","","M","","M",,"",,""
"1965-02","1965","02","","","","","","","7.2","","-20.6","S","","M","38.9","","","M","","M",,"",,""
"1965-03","1965","03","","","","","","","","M","","M","","M","","M","","M","","M",,"",,""
"1965-04","1965","04","","","","","","","11.7","","","M","","M","","M","","M","","M",,"",,""
"1965-05","1965","05","","","","","","","","M","","M","","M","0.0","","","M","0","",,"",,""
"1965-06","1965","06","","","","","","","28.9","S","2.8","","55.6","","0.0","","55.6","","0","",,"",,""
"1965-07","1965","07","","","","","","","","M","","M","13.2","","0.0","","13.2","","0","",,"",,""
"1965-08","1965","08","","","","","","","","M","","M","","M","","M","","M","","M",,"",,""
"1965-09","1965","09","","","","","","","","M","","M","","M","","M","","M","","M",,"",,""
"1965-10","1965","10","","","","","","","","M","","M","","M","","M","","M","","M",,"",,""
"1965-11","1965","11","","","","","","","12.8","S","-7.8","","","M","","M","120.9","","0","",,"",,""
"1965-12","1965","12","","","","","","","8.3","","-15.0","","","M","","M","","M","0","T",,"",,""
"1966-01","1966","01","","M","","M","","M","","M","","M","0.0","","","M","","M","38","",,"",,""
"1966-02","1966","02","","M","","M","","M","","M","","M","27.2","","64.0","","91.2","","43","",,"",,""
"1966-03","1966","03","3.0","","","M","","M","11.1","","-13.9","","","M","","M","","M","","M",,"",,""
"1966-04","1966","04","","M","","M","","M","15.0","","-6.7","","15.0","","0.0","T","15.0","","","M",,"",,""
"1966-05","1966","05","","M","","M","","M","25.6","","-2.2","","70.6","","0.0","T","70.6","","0","",,"",,""
"1966-06","1966","06","","M","","M","","M","27.8","","1.7","","","M","0.0","","","M","0","",,"",,""
"1966-07","1966","07","","M","","M","","M","27.8","","8.9","","70.6","","0.0","","70.6","","0","",,"",,""
"1966-08","1966","08","23.2","","13.8","","18.5","","29.4","","8.3","","","M","0.0","","","M","0","",,"",,""
"1966-09","1966","09","18.7","","9.1","","13.9","","26.1","","2.8","S","80.0","","0.0","","80.0","","0","",,"",,""
"1966-10","1966","10","","M","","M","","M","","M","","M","","M","","M","","M","","M",,"",,""
"1966-11","1966","11","","M","1.6","","","M","17.2","","-7.2","","74.7","E","14.2","","88.9","E","0","",,"",,""
"1966-12","1966","12","","M","","M","","M","13.3","","","M","60.5","","17.8","","78.2","","","M",,"",,""
"1967-01","1967","01","","M","","M","","M","4.4","S","-20.6","","0.0","","75.4","E","75.4","E","18","",,"",,""
"1967-02","1967","02","-3.6","","-14.7","","-9.2","","5.0","","-26.7","","5.3","","65.8","","71.1","","13","",,"",,""
"1967-03","1967","03","","M","","M","","M","3.9","","-20.6","","0.0","","168.9","","168.9","","86","",,"",,""
"1967-04","1967","04","","M","","M","","M","","M","","M","","M","","M","","M","","M",,"",,""
"1967-05","1967","05","","M","","M","","M","16.1","","-2.2","","161.3","","2.5","","163.8","","0","",,"",,""
"1967-06","1967","06","20.0","","9.4","","14.7","","30.0","S","-0.6","","91.9","E","0.0","","91.9","E","0","",,"",,""
"1967-07","1967","07","","M","","M","","M","29.4","","11.1","","45.7","","0.0","","45.7","","0","",,"",,""
"1967-08","1967","08","24.6","","15.8","","20.2","","27.8","S","11.1","","74.2","","0.0","","74.2","","0","",,"",,""
"1967-09","1967","09","19.4","","11.6","E","15.5","E","25.6","","2.8","","98.3","","0.0","","98.3","","0","",,"",,""
"1967-10","1967","10","13.7","","","M","","M","21.1","","","M","153.9","","0.0","","153.9","","0","",,"",,""
"1967-11","1967","11","6.5","","-0.8","","2.9","","19.4","","-7.8","S","95.8","","22.1","","117.9","","","M",,"",,""
"1967-12","1967","12","2.1","","","M","","M","7.2","S","-17.8","","58.7","","52.3","","111.0","","","M",,"",,""
"1968-01","1968","01","-5.4","E","","M","","M","5.0","","-23.9","","20.3","","91.2","","111.5","","","M",,"",,""
"1968-02","1968","02","-4.9","","-14.9","","-9.9","","7.2","S","-23.3","","11.4","E","75.4","","86.9","E","20","",,"",,""
"1968-03","1968","03","2.2","","-6.7","","-2.3","","11.1","S","-21.1","S","","M","","M","101.6","E","0","",,"",,""
"1968-04","1968","04","","M","","M","","M","20.6","","","M","74.2","","0.0","","74.2","","0","",,"",,""
"1968-05","1968","05","13.2","","3.2","","8.2","","23.9","","-1.1","","24.6","","0.0","","24.6","","0","",,"",,""
"1968-06","1968","06","17.9","","","M","","M","23.9","","1.7","","114.8","E","0.0","","114.8","E","0","",,"",,""
"1968-07","1968","07","24.6","","14.3","","19.5","","30.0","","9.4","S","22.1","","0.0","","22.1","","0","",,"",,""
"1968-08","1968","08","20.4","","11.4","","15.9","","28.3","","6.7","S","79.0","","0.0","","79.0","","","M",,"",,""
"1968-09","1968","09","19.5","","","M","","M","","M","","M","74.2","","0.0","","74.2","","0","",,"",,""
"1968-10","1968","10","14.2","","6.6","","10.4","","23.3","S","-1.1","","125.5","","0.0","","125.5","","0","",,"",,""
"1968-11","1968","11","","M","","M","","M","12.2","","-6.1","S","130.0","","20.3","E","150.4","E","5","",,"",,""
"1968-12","1968","12","2.4","","","M","","M","12.2","","-16.7","","78.2","","19.1","","97.3","","5","",,"",,""
"1969-01","1969","01","-1.2","E","-7.5","E","-4.4","E","6.1","","","M","19.1","","69.9","","88.9","","28","",,"",,""
"1969-02","1969","02","-0.8","E","-6.8","E","-3.8","E","5.6","","-18.3","","31.0","","33.5","","64.5","","5","",,"",,""
"1969-03","1969","03","","M","","M","","M","10.0","","-16.1","S","43.9","","15.2","","59.2","","","M",,"",,""
"1969-04","1969","04","6.9","E","-1.9","E","2.5","E","18.3","","-12.2","S","76.7","","25.4","","102.1","","0","",,"",,""
"1969-05","1969","05","11.4","E","2.6","E","7.0","E","25.0","","-1.7","","57.7","","0.0","","57.7","","0","",,"",,""
"1969-06","1969","06","21.9","","10.6","","16.3","","28.9","","1.7","","58.2","","0.0","","58.2","","0","",,"",,""
"1969-07","1969","07","22.5","","12.8","","17.7","","29.4","","7.2","","110.5","","0.0","","110.5","","0","",,"",,""
"1969-08","1969","08","22.5","","13.9","","18.2","","30.6","","7.8","S","52.8","","0.0","","52.8","","0","",,"",,""
"1969-09","1969","09","17.7","","10.5","","14.1","","26.1","","","M","124.5","","0.0","","124.5","","0","",,"",,""
"1969-10","1969","10","11.1","","4.2","","7.7","","21.7","","-3.9","","49.5","","0.0","T","49.5","","0","",,"",,""
"1969-11","1969","11","8.3","","1.8","","5.1","","18.3","","-8.9","","130.8","","10.9","","141.7","","","M",,"",,""
"1969-12","1969","12","3.6","","-2.3","","0.7","","13.3","","-11.7","","94.5","","10.2","","104.6","","","M",,"",,""
"1970-01","1970","01","-7.5","","-13.6","","-10.6","","2.2","","-22.2","","0.0","","24.1","","24.1","","8","",,"",,""
"1970-02","1970","02","-2.0","","-10.2","","-6.1","","12.8","S","-19.4","","40.1","","22.9","","63.0","","13","",,"",,""
"1970-03","1970","03","-0.1","","-5.6","","-2.9","","5.6","S","-12.2","S","31.2","","40.6","","71.9","","0","",,"",,""
"1970-04","1970","04","4.6","","-1.8","","1.4","","14.4","","-7.2","","49.5","","7.6","","57.2","","","M",,"",,""
"1970-05","1970","05","13.4","","4.4","E","8.9","E","23.9","","-2.2","","68.6","E","0.0","","68.6","E","0","",,"",,""
"1970-06","1970","06","19.4","","11.1","","15.3","","27.2","S","2.8","","87.9","E","0.0","","87.9","E","0","",,"",,""
"1970-07","1970","07","24.6","","15.7","","20.2","","31.1","S","6.7","","61.5","","0.0","","61.5","","0","",,"",,""
"1970-08","1970","08","22.8","","16.3","","19.6","","30.6","","7.2","","128.5","","0.0","","128.5","","0","",,"",,""
"1970-09","1970","09","","M","9.6","","","M","","M","3.9","","94.2","","0.0","","94.2","","0","",,"",,""
"1970-10","1970","10","13.9","E","6.0","E","10.0","E","","M","","M","139.7","E","0.0","","139.7","E","0","",,"",,""
"1970-11","1970","11","7.3","","1.3","","4.3","","15.6","","-3.9","","83.3","","0.0","","83.3","","0","",,"",,""
"1970-12","1970","12","-2.7","","-7.8","","-5.3","","7.2","","-22.2","","1.3","","217.9","","219.2","","132","",,"",,""
"1971-01","1971","01","-5.4","","-13.7","","-9.6","","5.6","","-26.1","","9.4","","38.1","E","47.5","E","71","",,"",,""
"1971-02","1971","02","-1.4","","-9.9","","-5.7","","9.4","S","-23.9","S","","M","","M","62.2","E","3","",,"",,""
"1971-03","1971","03","1.7","","-3.2","","-0.8","","10.6","","-8.3","","24.1","E","95.3","E","119.4","E","","M",,"",,""
"1971-04","1971","04","6.3","","0.3","","3.3","","17.8","","-6.7","","101.9","","0.0","T","101.9","","0","",,"",,""
"1971-05","1971","05","14.9","","6.3","","10.6","","24.4","","1.1","S","158.5","","0.0","","158.5","","0","",,"",,""
"1971-06","1971","06","18.1","","10.1","","14.1","","27.8","S","4.4","S","46.2","","0.0","","46.2","","0","",,"",,""
"1971-07","1971","07","23.3","","14.5","","18.9","","27.8","S","8.9","S","55.9","E","0.0","","55.9","E","0","",,"",,""
"1971-08","1971","08","22.4","E","13.6","E","18.0","E","30.0","","7.2","","136.9","","0.0","","136.9","","0","",,"",,""
"1971-09","1971","09","18.8","","11.1","","15.0","","25.6","","0.0","","20.1","","0.0","","20.1","","0","",,"",,""
"1971-10","1971","10","13.6","","6.1","","9.9","","19.4","S","-1.7","","56.4","","0.0","","56.4","","0","",,"",,""
"1971-11","1971","11","5.4","","0.7","","3.1","","16.1","S","-4.4","S","103.1","","25.4","","128.5","","0","",,"",,""
"1971-12","1971","12","-1.0","","-7.7","E","-4.4","E","6.1","S","-19.4","","","M","","M","","M","13","",,"",,""
"1972-01","1972","01","-2.7","","-11.6","","-7.2","","10.0","","-23.3","","49.3","E","52.1","E","101.3","E","8","",,"",,""
"1972-02","1972","02","-4.2","","-13.7","","-9.0","","8.9","","-24.4","","39.4","","40.6","","80.0","","28","",,"",,""
"1972-03","1972","03","-1.6","","-9.4","","-5.5","","11.1","","-20.0","S","6.4","","110.5","","116.8","","25","",,"",,""
"1972-04","1972","04","3.1","","-3.9","","-0.4","","13.9","","-12.8","","0.0","","76.2","","76.2","","0","T",,"",,""
"1972-05","1972","05","13.9","","3.3","","8.6","","28.3","","-7.8","","94.5","","0.0","","94.5","","","M",,"",,""
"1972-06","1972","06","19.8","","11.9","","15.9","","26.7","S","2.8","S","86.4","","0.0","","86.4","","0","",,"",,""
"1972-07","1972","07","22.3","","14.9","","18.6","","30.6","S","10.0","S","50.5","","0.0","","50.5","","0","",,"",,""
"1972-08","1972","08","21.4","","13.4","","17.4","","26.7","","8.3","","49.0","","0.0","","49.0","","0","",,"",,""
"1972-09","1972","09","18.4","","10.6","","14.5","","26.7","","2.2","","61.5","","0.0","","61.5","","0","",,"",,""
"1972-10","1972","10","10.8","","4.1","","7.5","","22.8","","-1.1","","165.6","","0.0","T","165.6","","","M",,"",,""
"1972-11","1972","11","4.1","","-1.1","","1.5","","13.9","","-10.0","","108.0","","7.6","","115.6","","","M",,"",,""
"1972-12","1972","12","-2.1","","-9.1","","-5.6","","12.2","","-15.6","S","41.9","","69.9","","111.8","","18","",,"",,""
"1973-01","1973","01","-3.1","","-11.7","","-7.4","","8.9","","-21.1","","26.7","","41.9","","68.6","","8","",,"",,""
"1973-02","1973","02","-3.1","","-11.2","","-7.2","","10.6","","-28.9","","67.3","","85.1","","152.4","","20","",,"",,""
"1973-03","1973","03","","M","","M","","M","11.1","","-24.4","","","M","","M","","M","","M",,"",,""
"1973-04","1973","04","5.3","","-1.4","","2.0","","20.0","","-6.7","","85.1","","0.0","T","85.1","","","M",,"",,""
"1973-05","1973","05","10.9","","3.3","","7.1","","22.8","","-1.1","S","78.5","","0.0","","78.5","","0","",,"",,""
"1973-06","1973","06","20.7","","12.9","","16.8","","28.3","","5.0","","88.9","","0.0","","88.9","","0","",,"",,""
"1973-07","1973","07","24.4","","16.9","","20.7","","28.9","","8.9","","85.9","","0.0","","85.9","","0","",,"",,""
"1973-08","1973","08","21.4","","14.6","","18.0","","28.3","","8.3","","69.9","","0.0","","69.9","","0","",,"",,""
"1973-09","1973","09","15.8","","8.7","","12.3","","23.3","","0.6","","47.0","E","0.0","","47.0","E","0","",,"",,""
"1973-10","1973","10","10.9","","4.9","","7.9","","18.9","S","-3.3","","","M","0.0","","","M","","M",,"",,""
"1973-11","1973","11","4.4","","-0.3","","2.1","","13.9","","-6.7","","","M","7.6","","","M","0","",,"",,""
"1973-12","1973","12","4.5","","-3.7","","0.4","","16.7","","-12.8","","","M","5.1","","","M","3","",,"",,""
"1974-01","1974","01","-4.8","","-12.8","","-8.8","","8.9","","-24.4","","19.1","","47.0","","66.0","","15","",,"",,""
"1974-02","1974","02","-3.9","","-11.0","","-7.5","","8.9","","-20.6","","","M","83.8","","","M","","M",,"",,""
"1974-03","1974","03","0.4","","-5.9","","-2.8","","10.0","","-16.7","","69.9","E","21.6","E","91.4","E","","M",,"",,""
"1974-04","1974","04","4.3","","-0.4","","2.0","","17.2","","-6.7","","86.4","","12.7","","99.1","","","M",,"",,""
"1974-05","1974","05","7.5","","1.9","","4.7","","23.9","","-4.4","S","55.9","","0.0","","55.9","","","M",,"",,""
"1974-06","1974","06","18.3","","10.7","","14.5","","27.2","","4.4","","34.5","","0.0","","34.5","","0","",,"",,""
"1974-07","1974","07","20.8","","14.5","","17.7","","26.1","","10.0","","80.0","","0.0","","80.0","","0","",,"",,""
"1974-08","1974","08","22.4","","14.9","","18.7","","29.4","","8.9","","57.9","","0.0","","57.9","","0","",,"",,""
"1974-09","1974","09","","M","","M","","M","","M","","M","63.5","","0.0","","63.5","","","M",,"",,""
"1974-10","1974","10","","M","","M","","M","","M","","M","","M","","M","","M","","M",,"",,""
"1974-11","1974","11","","M","","M","","M","","M","","M","","M","","M","","M","","M",,"",,""
"1974-12","1974","12","2.1","","-4.5","","-1.2","","13.9","","-12.2","","68.3","","12.7","","81.0","","","M",,"",,""
"1975-01","1975","01","-2.9","","-12.1","","-7.5","","7.2","","-22.8","","0.0","","137.2","","137.2","","","M",,"",,""
"1975-02","1975","02","-5.6","","-13.7","","-9.7","","6.1","S","-24.4","","","M","","M","","M","","M",,"",,""
"1975-03","1975","03","0.9","","-7.9","","-3.5","","","M","-16.7","","","M","","M","","M","","M",,"",,""
"1975-04","1975","04","3.9","","-3.0","","0.5","","13.3","","-14.4","","37.1","","22.9","","59.9","","","M",,"",,""
"1975-05","1975","05","12.0","","3.1","","7.6","","22.8","","","M","57.2","","0.0","","57.2","","0","",,"",,""
"1975-06","1975","06","19.9","","9.5","","14.7","","30.6","","2.2","","38.9","","0.0","","38.9","","0","",,"",,""
"1975-07","1975","07","25.2","","16.2","","20.7","","33.3","","6.1","","37.8","","0.0","","37.8","","0","",,"",,""
"1975-08","1975","08","21.9","","14.1","","18.0","","30.0","","5.0","","34.8","","0.0","","34.8","","0","",,"",,""
"1975-09","1975","09","18.7","","11.4","","15.1","","22.8","","5.0","","63.5","","0.0","","63.5","","0","",,"",,""
"1975-10","1975","10","11.2","","5.1","","8.2","","21.7","","-2.2","","91.7","","0.0","","91.7","","","M",,"",,""
"1975-11","1975","11","7.7","","0.5","","4.1","","18.9","","-8.3","","113.3","","1.3","","114.6","","","M",,"",,""
"1975-12","1975","12","-0.4","","-8.0","","-4.2","","13.3","","-21.1","","126.5","","26.4","","152.9","","","M",,"",,""
"1976-01","1976","01","-3.2","","-14.1","","-8.7","","10.6","","-24.4","","25.7","","66.0","","91.7","","","M",,"",,""
"1976-02","1976","02","","M","","M","","M","","M","","M","","M","","M","","M","","M",,"",,""
"1976-03","1976","03","1.6","","-8.1","","-3.3","","15.6","","-15.6","S","19.6","","22.9","E","42.4","E","0","",,"",,""
"1976-04","1976","04","5.5","","-1.7","","1.9","","13.9","","-6.1","S","62.5","","2.5","","65.0","","0","",,"",,""
"1976-05","1976","05","14.7","","5.4","","10.1","","27.2","","-1.1","","95.0","","0.0","","95.0","","0","",,"",,""
"1976-06","1976","06","20.9","","12.1","","16.5","","30.0","","1.7","","48.5","","0.0","","48.5","","0","",,"",,""
"1976-07","1976","07","22.5","","14.1","","18.3","","31.1","","10.0","","86.1","","0.0","","86.1","","0","",,"",,""
"1976-08","1976","08","22.4","","15.2","","18.8","","29.4","S","4.4","","116.1","","0.0","","116.1","","0","",,"",,""
"1976-09","1976","09","17.6","","10.8","","14.2","","24.4","","3.3","","96.8","","0.0","","96.8","","0","",,"",,""
"1976-10","1976","10","11.7","","3.7","E","7.7","E","22.2","","-2.2","S","114.6","","0.0","","114.6","","0","",,"",,""
"1976-11","1976","11","3.4","","-2.5","","0.5","","15.6","","-8.3","","123.7","","12.7","","136.4","","0","",,"",,""
"1976-12","1976","12","-1.2","","-12.2","","-6.7","","10.6","","-22.2","","100.6","","33.0","","133.6","","10","",,"",,""
"1977-01","1977","01","-4.7","","-13.6","","-9.2","","6.1","","-24.4","","45.2","","22.8","","68.0","","20","",,"",,""
"1977-02","1977","02","-3.5","","-10.9","","-7.2","","7.2","","-18.9","","26.2","","55.5","","81.7","","30","",,"",,""
"1977-03","1977","03","","M","","M","","M","","M","","M","","M","","M","","M","","M",,"",,""
"1977-04","1977","04","5.1","","-2.0","","1.6","","20.0","","-8.3","","53.1","","5.0","","58.1","","0","",,"",,""
"1977-05","1977","05","12.5","","3.4","","8.0","","31.1","","-2.8","","89.8","","0.0","","89.8","","0","",,"",,""
"1977-06","1977","06","17.7","","9.9","","13.8","","28.3","","4.4","","98.7","","0.0","","98.7","","0","",,"",,""
"1977-07","1977","07","22.5","","13.4","","18.0","","29.4","","6.7","","125.4","","0.0","","125.4","","0","",,"",,""
"1977-08","1977","08","23.2","","14.5","","18.9","","30.6","","8.3","","86.1","","0.0","","86.1","","0","",,"",,""
"1977-09","1977","09","16.0","","9.7","","12.9","","22.8","","3.3","","80.3","","0.0","","80.3","","0","",,"",,""
"1977-10","1977","10","11.8","","4.9","","8.4","","20.6","","-1.1","S","212.8","","0.0","","212.8","","0","",,"",,""
"1977-11","1977","11","8.2","","0.3","","4.3","","17.8","S","-7.8","","","M","","M","","M","0","",,"",,""
"1977-12","1977","12","0.2","","-6.7","","-3.3","","8.9","","-15.6","S","94.6","","63.4","","158.0","","0","",,"",,""
"1978-01","1978","01","-2.3","","-9.5","","-5.9","","10.6","S","-20.6","","132.3","","53.2","","185.5","","0","",,"",,""
"1978-02","1978","02","-4.5","","-13.0","","-8.8","","1.7","","-26.1","","0.0","","124.5","","124.5","","0","",,"",,""
"1978-03","1978","03","-0.1","","-8.6","","-4.4","","8.3","","-18.9","","22.9","","62.4","","85.3","","0","",,"",,""
"1978-04","1978","04","3.2","","-1.8","","0.7","","15.0","","-8.3","","34.8","","35.5","","70.3","","0","",,"",,""
"1978-05","1978","05","14.6","","4.2","","9.4","","25.6","","-2.8","S","25.2","","0.0","T","25.2","","0","",,"",,""
"1978-06","1978","06","19.9","","10.9","","15.4","","26.7","","4.4","","66.0","","0.0","","66.0","","0","",,"",,""
"1978-07","1978","07","22.8","","14.5","","18.7","","27.2","S","5.0","","86.0","","0.0","","86.0","","0","",,"",,""
"1978-08","1978","08","23.7","","14.3","","19.0","","30.6","","7.2","","13.7","","0.0","","13.7","","0","",,"",,""
"1978-09","1978","09","15.8","","7.9","","11.9","","25.6","","1.1","","45.7","","0.0","","45.7","","0","",,"",,""
"1978-10","1978","10","12.3","","4.2","","8.3","","20.0","","-3.0","","208.4","","0.0","T","208.4","","0","",,"",,""
"1978-11","1978","11","5.1","","-2.9","","1.1","","14.0","","-12.0","S","29.0","","24.0","","53.0","","0","",,"",,""
"1978-12","1978","12","-1.8","","-8.3","","-5.1","","7.5","","-18.5","","19.1","","69.5","","88.6","","0","",,"",,""
"1979-01","1979","01","-1.2","","-9.6","","-5.4","","12.5","S","-20.5","S","106.5","","15.0","","121.5","","0","",,"",,""
"1979-02","1979","02","-5.6","","-12.4","","-9.0","","8.5","","-22.0","S","40.9","","39.0","","79.9","","0","",,"",,""
"1979-03","1979","03","4.2","","-4.0","","0.1","","16.5","","-17.0","","80.3","","32.5","","112.8","","0","",,"",,""
"1979-04","1979","04","7.1","","0.0","","3.6","","22.0","S","-4.0","","27.9","","16.8","","44.7","","0","",,"",,""
"1979-05","1979","05","15.0","","6.6","","10.8","","26.0","","0.0","","127.3","","0.0","","127.3","","0","",,"",,""
"1979-06","1979","06","20.6","","11.6","","16.1","","30.0","","6.0","S","32.2","","0.0","","32.2","","0","",,"",,""
"1979-07","1979","07","24.2","","15.2","","19.7","","30.5","","7.0","","175.2","","0.0","","175.2","","0","",,"",,""
"1979-08","1979","08","21.7","","14.1","","17.9","","29.0","","7.0","","131.0","","0.0","","131.0","","0","",,"",,""
"1979-09","1979","09","18.5","","10.6","","14.6","","25.5","","3.5","","98.0","","0.0","","98.0","","0","",,"",,""
"1979-10","1979","10","12.3","","6.0","","9.2","","24.5","","0.0","S","174.9","","0.0","","174.9","","0","",,"",,""
"1979-11","1979","11","8.2","","2.2","","5.2","","18.0","","-4.5","","158.1","","0.0","T","158.1","","0","",,"",,""
"1979-12","1979","12","0.2","","-6.0","","-2.9","","12.0","","-16.5","","133.0","","60.5","","193.5","","0","",,"",,""
"1980-01","1980","01","-3.0","","-10.2","","-6.6","","9.0","","-17.5","S","27.0","","36.0","","63.0","","","M",,"",,""
"1980-02","1980","02","-4.4","","-11.9","","-8.2","","6.0","","-20.5","","0.0","","76.0","","76.0","","0","",,"",,""
"1980-03","1980","03","-0.1","","-7.6","E","-3.9","E","7.5","","-24.0","","34.3","","25.0","","59.3","","0","",,"",,""
"1980-04","1980","04","7.4","","0.4","","3.9","","15.5","","-6.5","","75.5","","1.0","","76.5","","0","",,"",,""
"1980-05","1980","05","10.7","","3.8","","7.3","","23.0","","0.0","","47.9","","0.0","","47.9","","0","",,"",,""
"1980-06","1980","06","18.8","","10.1","","14.5","","32.0","","4.0","S","87.5","","0.0","","87.5","","0","",,"",,""
"1980-07","1980","07","21.2","","13.8","","17.5","","27.5","","6.5","","80.9","","0.0","","80.9","","0","",,"",,""
"1980-08","1980","08","22.7","","14.5","","18.6","","29.0","","8.5","","55.9","","0.0","","55.9","","0","",,"",,""
"1980-09","1980","09","16.8","","9.9","","13.4","","26.5","","1.5","S","125.0","","0.0","","125.0","","0","",,"",,""
"1980-10","1980","10","10.9","","4.5","","7.7","","23.5","","-2.5","","63.7","","0.0","T","63.7","","0","",,"",,""
"1980-11","1980","11","4.9","","-0.6","","2.2","","12.0","","-5.5","","131.8","","35.8","","167.6","","0","",,"",,""
"1980-12","1980","12","-2.3","E","-11.2","E","-6.8","E","8.5","","-25.5","","96.5","","42.0","","138.5","","0","",,"",,""
"1981-01","1981","01","-5.4","","-13.9","E","-9.7","E","6.5","","-30.0","","30.0","","124.5","","154.5","","0","",,"",,""
"1981-02","1981","02","2.8","","-5.6","","-1.4","","11.5","S","-18.5","","24.8","","6.0","","30.8","","0","",,"",,""
"1981-03","1981","03","1.9","","-2.9","","-0.5","","7.5","S","-10.0","","32.8","","18.5","","51.3","","","M",,"",,""
"1981-04","1981","04","8.2","","0.6","","4.4","","20.5","","-8.5","","82.0","","42.6","","124.6","","0","",,"",,""
"1981-05","1981","05","14.8","","5.8","","10.3","","","M","0.0","S","81.2","","0.0","T","81.2","","0","",,"",,""
"1981-06","1981","06","19.2","","10.2","","14.7","","26.5","","4.5","","188.3","","0.0","","188.3","","0","",,"",,""
"1981-07","1981","07","22.8","","14.7","","18.8","","32.5","","10.5","S","90.7","","0.0","","90.7","","0","",,"",,""
"1981-08","1981","08","22.5","","14.1","","18.3","","30.5","","6.0","","26.0","","0.0","","26.0","","0","",,"",,""
"1981-09","1981","09","17.0","","10.4","","13.7","","23.0","","3.5","","103.0","","0.0","","103.0","","0","",,"",,""
"1981-10","1981","10","12.3","","5.1","E","8.7","E","18.5","S","-3.0","E","206.4","","0.0","","206.4","","0","",,"",,""
"1981-11","1981","11","6.4","","1.7","","4.1","","15.0","","-4.5","","160.9","","5.0","","165.9","","","M",,"",,""
"1981-12","1981","12","2.8","","-1.8","","0.5","","14.0","","-10.0","","124.2","E","70.0","","194.2","E","","M",,"",,""
"1982-01","1982","01","-3.9","","-13.7","E","-8.8","E","7.0","","-29.0","E","49.0","","125.0","","174.0","","","M",,"",,""
"1982-02","1982","02","-4.4","E","-12.0","E","-8.2","E","8.5","S","-20.0","","30.0","","46.0","E","76.0","E","26","",,"",,""
"1982-03","1982","03","0.6","","-7.3","","-3.4","","9.0","","-19.5","","49.0","","24.0","","73.0","","0","",,"",,""
"1982-04","1982","04","6.8","","-0.7","","3.1","","21.5","","-8.5","S","40.5","","26.0","E","66.5","E","","M",,"",,""
"1982-05","1982","05","11.5","","3.3","","7.4","","27.5","","-2.0","","68.1","E","0.0","","68.1","E","0","",,"",,""
"1982-06","1982","06","16.6","","8.8","","12.7","","23.5","","3.0","","116.5","E","0.0","","116.5","E","0","",,"",,""
"1982-07","1982","07","23.9","","14.7","","19.3","","31.5","","8.0","","90.7","","0.0","","90.7","","0","",,"",,""
"1982-08","1982","08","20.8","E","13.0","E","16.9","E","29.0","","7.0","S","79.4","","0.0","","79.4","","0","",,"",,""
"1982-09","1982","09","18.5","","10.9","","14.7","","27.0","","5.5","","75.4","E","0.0","","75.4","E","0","",,"",,""
"1982-10","1982","10","12.8","E","4.9","E","8.9","E","21.0","","-1.5","","63.6","","0.0","","63.6","","0","",,"",,""
"1982-11","1982","11","7.9","E","1.4","E","4.7","E","22.5","","-11.0","","76.6","E","13.0","E","89.6","E","0","",,"",,""
"1982-12","1982","12","1.8","E","-4.4","E","-1.3","E","15.0","","-18.0","","50.5","E","48.5","E","99.0","E","","M",,"",,""
"1983-01","1983","01","-0.7","","-7.6","E","-4.2","E","12.0","","-17.5","","38.4","","34.5","E","72.9","E","","M",,"",,""
"1983-02","1983","02","-2.7","E","-9.1","E","-5.9","E","10.5","","-19.0","","8.1","","90.5","","98.6","","","M",,"",,""
"1983-03","1983","03","2.6","","-4.4","","-0.9","","","M","-16.5","","52.2","","","M","","M","","M",,"",,""
"1983-04","1983","04","9.6","","1.9","","5.8","","","M","","M","86.2","E","11.0","E","97.2","E","0","",,"",,""
"1983-05","1983","05","13.5","","5.4","","9.5","","23.0","","1.0","S","175.2","E","0.0","","175.2","E","0","",,"",,""
"1983-06","1983","06","19.8","E","11.4","","15.6","E","29.5","","7.0","S","27.4","E","0.0","","27.4","E","0","",,"",,""
"1983-07","1983","07","21.6","E","14.1","E","17.9","E","31.0","","9.0","S","","M","0.0","","","M","0","",,"",,""
"1983-08","1983","08","21.1","","14.6","","17.9","","28.0","S","8.5","","86.5","","0.0","","86.5","","0","",,"",,""
"1983-09","1983","09","19.6","","12.4","E","16.0","E","29.0","S","5.5","","69.3","E","0.0","","69.3","E","0","",,"",,""
"1983-10","1983","10","13.3","","6.1","E","9.7","E","23.0","","-2.0","S","55.9","","1.5","","57.4","","0","",,"",,""
"1983-11","1983","11","7.1","E","1.2","E","4.2","E","16.0","","-5.5","","119.0","","4.9","","123.9","","0","",,"",,""
"1983-12","1983","12","0.9","","-7.4","","-3.3","","13.0","","-20.5","","85.4","","42.6","E","128.0","E","","M",,"",,""
"1984-01","1984","01","-3.5","","-11.9","","-7.7","","5.0","S","-24.0","","26.0","","","M","","M","","M",,"",,""
"1984-02","1984","02","0.4","E","-7.4","E","-3.5","E","11.0","","-22.5","","","M","","M","","M","","M",,"",,""
"1984-03","1984","03","-0.5","","-7.4","","-4.0","","16.0","","-23.5","","64.8","","19.0","E","83.8","E","","M",,"",,""
"1984-04","1984","04","5.6","","-2.3","","1.7","","14.0","S","-8.0","S","101.7","","33.0","E","138.1","E","0","",,"",,""
"1984-05","1984","05","13.7","E","5.2","E","9.5","E","25.5","","-2.0","","120.7","E","0.0","","120.7","E","0","",,"",,""
"1984-06","1984","06","18.7","","10.0","","14.4","","31.0","","2.0","S","92.9","","0.0","","92.9","","0","",,"",,""
"1984-07","1984","07","24.5","","16.1","","20.3","","29.5","","12.5","","44.4","","0.0","","44.4","","0","",,"",,""
"1984-08","1984","08","24.3","","16.9","","20.6","","30.0","","9.0","","164.3","","0.0","","164.3","","0","",,"",,""
"1984-09","1984","09","17.7","","10.3","","14.0","","29.0","","3.5","","131.2","","0.0","","131.2","","0","",,"",,""
"1984-10","1984","10","11.5","E","5.1","E","8.3","E","16.5","","-4.0","","77.6","","0.0","T","77.6","","0","",,"",,""
"1984-11","1984","11","7.6","","0.9","","4.3","","17.5","","-5.0","S","66.8","","2.0","","69.3","","0","",,"",,""
"1984-12","1984","12","1.8","E","-6.1","E","-2.2","E","10.0","","-22.0","","41.2","","29.6","","61.7","","","M",,"",,""
"1985-01","1985","01","-6.6","","-13.9","","-10.3","","1.0","","-21.0","","0.0","T","115.1","","130.3","","","M",,"",,""
"1985-02","1985","02","-2.3","","-10.4","E","-6.4","E","7.5","","-29.0","","10.2","","47.5","","78.4","","","M",,"",,""
"1985-03","1985","03","0.0","","-7.5","","-3.8","","6.5","","-20.0","","30.4","","30.6","","62.6","","","M",,"",,""
"1985-04","1985","04","4.5","","-1.6","","1.5","","17.5","","-8.0","","9.8","","23.0","","47.2","","0","",,"",,""
"1985-05","1985","05","11.8","","3.9","","7.9","","24.5","","-1.5","","103.0","","20.2","","123.2","","0","",,"",,""
"1985-06","1985","06","16.9","","9.3","","13.1","","24.0","","5.0","S","144.4","","0.0","","144.4","","0","",,"",,""
"1985-07","1985","07","24.2","","15.6","","19.9","","29.5","","11.0","","21.8","","0.0","","21.8","","0","",,"",,""
"1985-08","1985","08","22.0","","13.8","","17.9","","29.0","","8.0","S","80.3","","0.0","","80.3","","0","",,"",,""
"1985-09","1985","09","19.5","","10.2","","14.9","","27.5","S","3.0","","30.2","","0.0","","30.2","","0","",,"",,""
"1985-10","1985","10","12.3","","5.2","","8.8","","21.0","","-1.5","","76.4","","0.0","","76.4","","0","",,"",,""
"1985-11","1985","11","4.9","E","-0.2","","2.4","E","13.5","","-8.0","S","76.0","","13.0","","84.6","","","M",,"",,""
"1985-12","1985","12","-1.9","","-10.9","E","-6.4","E","11.0","","-22.0","","17.8","","106.3","","104.9","","","M",,"",,""
"1986-01","1986","01","-0.4","","-10.4","","-5.4","","14.0","","-25.0","","","M","","M","","M","","M",,"",,""
"1986-02","1986","02","-4.2","","-11.8","","-8.0","","4.0","","-20.0","","0.0","","90.9","E","91.3","E","","M",,"",,""
"1986-03","1986","03","1.9","","-7.8","","-3.0","","15.5","","-21.5","","45.3","","84.7","","130.0","","","M",,"",,""
"1986-04","1986","04","6.9","","0.4","","3.7","","16.0","S","-7.0","","82.8","","11.0","","93.8","","0","",,"",,""
"1986-05","1986","05","13.4","","4.3","","8.9","","26.0","","-1.5","","51.2","","0.0","T","51.2","","0","",,"",,""
"1986-06","1986","06","17.9","","8.8","E","13.4","E","27.0","","1.5","","87.2","","0.0","","87.2","","0","",,"",,""
"1986-07","1986","07","20.4","","12.9","","16.7","","31.0","","5.0","","114.6","","0.0","","114.6","","0","",,"",,""
"1986-08","1986","08","21.0","","14.4","","17.7","","26.0","S","6.5","","65.6","","0.0","","65.6","","0","",,"",,""
"1986-09","1986","09","15.6","","8.7","","12.2","","22.5","","2.5","","69.4","","0.0","","69.4","","0","",,"",,""
"1986-10","1986","10","10.9","","4.6","","7.8","","17.0","","-4.5","","39.5","","0.0","T","39.5","","0","",,"",,""
"1986-11","1986","11","4.5","","-2.5","","1.0","","15.0","","-12.0","","66.5","","19.1","","85.6","","0","",,"",,""
"1986-12","1986","12","","M","","M","","M","","M","","M","","M","","M","","M","","M",,"",,""
"1987-01","1987","01","-3.7","","-11.0","","-7.4","","5.0","","-22.0","S","1.6","","153.2","","157.7","","","M",,"",,""
"1987-02","1987","02","-5.1","","-12.3","","-8.7","","5.0","","-22.0","S","0.0","","106.9","","95.5","","","M",,"",,""
"1987-03","1987","03","-0.4","","-8.1","","-4.3","","12.0","","-23.0","","6.5","","63.2","","77.0","","","M",,"",,""
"1987-04","1987","04","7.7","","0.4","","4.1","","21.0","","-5.5","","54.1","","6.0","","60.1","","0","",,"",,""
"1987-05","1987","05","14.2","","4.2","","9.2","","24.0","","-2.0","","39.8","","0.0","","39.8","","0","",,"",,""
"1987-06","1987","06","18.1","","9.8","","14.0","","24.0","S","2.0","","118.8","","0.0","","118.8","","0","",,"",,""
"1987-07","1987","07","24.0","","15.3","","19.7","","29.0","S","10.5","","8.3","","0.0","","8.3","","0","",,"",,""
"1987-08","1987","08","22.0","","13.3","","17.7","","32.0","","5.5","","56.3","","0.0","","56.3","","0","",,"",,""
"1987-09","1987","09","17.6","","11.3","","14.5","","26.0","S","3.5","","159.0","","0.0","","159.0","","0","",,"",,""
"1987-10","1987","10","13.2","E","5.7","E","9.5","E","20.5","","-1.5","","123.0","","0.0","","123.0","","0","",,"",,""
"1987-11","1987","11","5.1","E","-1.0","E","2.1","E","15.0","","-5.5","","131.6","","12.0","E","143.6","E","","M",,"",,""
"1987-12","1987","12","-0.2","E","-5.0","E","-2.6","E","12.0","","-15.5","","10.6","E","155.1","E","165.7","E","","M",,"",,""
"1988-01","1988","01","-2.4","","-11.1","","-6.8","","9.0","","-23.0","","25.6","","39.1","","64.7","","","M",,"",,""
"1988-02","1988","02","-0.8","","-12.4","","-6.6","","11.0","","-28.5","","43.8","E","77.3","E","115.0","E","","M",,"",,""
"1988-03","1988","03","1.2","E","-5.8","E","-2.3","E","13.5","","-17.5","","8.8","","52.9","","65.5","","","M",,"",,""
"1988-04","1988","04","5.3","E","-1.1","E","2.1","E","13.0","S","-5.5","","74.4","","23.0","","97.4","","0","T",,"",,""
"1988-05","1988","05","15.6","","5.3","","10.5","","27.0","","-0.5","","94.4","E","0.0","","94.4","E","0","",,"",,""
"1988-06","1988","06","17.9","","8.8","","13.4","","32.0","","2.0","","95.4","","0.0","","95.4","","0","",,"",,""
"1988-07","1988","07","23.6","","15.1","","19.4","","30.0","","9.0","","51.7","","0.0","","51.7","","0","",,"",,""
"1988-08","1988","08","23.3","","15.1","","19.2","","30.0","S","7.0","","87.5","","0.0","","87.5","","0","",,"",,""
"1988-09","1988","09","17.0","","9.2","","13.1","","23.5","","3.5","","62.7","","0.0","","62.7","","0","",,"",,""
"1988-10","1988","10","11.7","","4.3","E","8.0","E","23.5","","-3.5","","190.8","","0.0","T","190.8","","0","T",,"",,""
"1988-11","1988","11","7.1","","1.1","","4.1","","18.0","","-5.5","","118.7","","2.9","","121.6","","0","",,"",,""
"1988-12","1988","12","-0.7","","-8.7","","-4.7","","8.0","S","-17.5","","19.0","","75.4","","87.2","","2","",,"",,""
"1989-01","1989","01","-1.4","","-11.5","","-6.5","","6.5","","-19.0","","22.8","","83.6","","98.3","","","M",,"",,""
"1989-02","1989","02","-4.1","","-12.5","","-8.3","","9.5","","-22.5","","34.0","","83.8","","114.1","","","M",,"",,""
"1989-03","1989","03","0.2","","-9.4","","-4.6","","13.5","","-22.0","","28.4","","87.2","","115.6","","","M",,"",,""
"1989-04","1989","04","7.1","","-0.5","","3.3","","17.0","","-6.0","","64.4","","19.3","","83.7","","0","",,"",,""
"1989-05","1989","05","17.0","","7.8","","12.4","","25.0","","0.0","","131.0","","0.0","","131.0","","0","",,"",,""
"1989-06","1989","06","18.2","","10.8","","14.5","","27.0","","5.5","","69.9","","0.0","","69.9","","0","",,"",,""
"1989-07","1989","07","23.0","E","13.6","E","18.3","E","31.0","","7.5","","84.1","","0.0","","84.1","","0","",,"",,""
"1989-08","1989","08","23.5","","15.4","","19.5","","28.5","","7.0","","49.0","","0.0","","49.0","","0","",,"",,""
"1989-09","1989","09","19.0","","10.5","","14.8","","26.5","S","3.0","","101.2","","0.0","","101.2","","0","",,"",,""
"1989-10","1989","10","12.3","","3.7","","8.0","","20.0","S","-3.5","","69.7","","0.0","","69.7","","0","",,"",,""
"1989-11","1989","11","5.7","","-1.0","","2.4","","18.0","","-13.0","","127.7","","73.2","","200.9","","","M",,"",,""
"1989-12","1989","12","-5.9","","-14.0","","-10.0","","5.5","","-22.0","","9.6","","71.3","","80.9","","","M",,"",,""
"1990-01","1990","01","-0.2","","-9.4","","-4.8","","10.5","","-19.5","","56.4","","75.2","","131.6","","","M",,"",,""
"1990-02","1990","02","-3.4","","-13.3","","-8.4","","8.5","","-27.0","","38.9","","66.4","","105.3","","","M",,"",,""
"1990-03","1990","03","1.7","","-7.3","","-2.8","","12.5","","-22.0","","29.3","","15.6","","44.9","","","M",,"",,""
"1990-04","1990","04","7.8","","-0.2","","3.8","","20.5","","-4.5","","80.8","","33.4","","114.2","","0","",,"",,""
"1990-05","1990","05","11.3","","2.8","","7.1","","23.5","","-1.5","","217.4","","10.0","","227.4","","0","",,"",,""
"1990-06","1990","06","21.5","","12.2","","16.9","","29.0","","0.5","","68.8","","0.0","","68.8","","0","",,"",,""
"1990-07","1990","07","23.4","","15.1","","19.3","","30.5","","6.5","","56.2","","0.0","","56.2","","0","",,"",,""
"1990-08","1990","08","24.7","","16.5","","20.6","","30.0","","10.5","","149.4","","0.0","","149.4","","0","",,"",,""
"1990-09","1990","09","18.2","","10.3","","14.3","","24.0","S","3.0","","88.6","","0.0","","88.6","","0","",,"",,""
"1990-10","1990","10","","M","","M","","M","","M","","M","119.6","","0.0","","119.6","","0","",,"",,""
"1990-11","1990","11","5.7","E","0.1","E","2.9","E","12.5","","-6.0","","125.6","","10.5","","136.1","","0","",,"",,""
"1990-12","1990","12","2.6","","-5.4","","-1.4","","11.5","","-15.0","S","282.4","","39.0","","321.4","","3","",,"",,""
"1991-01","1991","01","-4.7","","-15.0","","-9.9","","4.5","","-24.0","","33.6","","90.6","","124.2","","","",,"",,""
"1991-02","1991","02","-1.9","","-11.5","","-6.7","","10.0","","-22.0","","32.4","","22.6","","55.0","","","",,"",,""
"1991-03","1991","03","2.8","","-4.5","","-0.8","","10.0","S","-12.0","","43.1","","43.4","","86.5","","","",,"",,""
"1991-04","1991","04","5.7","","-2.3","","1.7","","17.0","S","-8.0","S","30.6","","17.7","","48.3","","0","",,"",,""
"1991-05","1991","05","13.0","","3.7","","8.4","","23.0","","-4.0","","70.2","","0.0","","70.2","","0","",,"",,""
"1991-06","1991","06","18.8","","9.5","","14.2","","29.0","","2.0","","28.4","","0.0","","28.4","","0","",,"",,""
"1991-07","1991","07","23.4","","13.8","","18.6","","32.0","","6.0","S","70.0","","0.0","","70.0","","0","",,"",,""
"1991-08","1991","08","22.6","","14.1","","18.4","","29.5","","8.5","","199.2","","0.0","","199.2","","0","",,"",,""
"1991-09","1991","09","16.9","","10.2","","13.6","","26.0","","3.0","","135.1","","0.0","","135.1","","0","",,"",,""
"1991-10","1991","10","13.2","","6.9","","10.1","","21.0","","0.0","","97.5","","0.0","T","97.5","","0","",,"",,""
"1991-11","1991","11","7.3","","2.1","","4.7","","14.0","S","-6.0","","124.9","","1.5","","126.4","","0","",,"",,""
"1991-12","1991","12","-0.3","","-8.1","","-4.2","","11.0","","-16.5","S","17.4","","74.1","","91.5","","","M",,"",,""
"1992-01","1992","01","-3.8","","-11.8","","-7.8","","10.0","","-21.5","","72.4","","48.2","","120.6","","2","",,"",,""
"1992-02","1992","02","-4.3","","-12.7","","-8.5","","4.5","","-22.0","","15.2","","128.7","","143.9","","","M",,"",,""
"1992-03","1992","03","-2.0","","-9.6","","-5.8","","9.5","","-22.5","","65.4","E","9.6","","75.0","E","","M",,"",,""
"1992-04","1992","04","5.3","E","-2.5","E","1.5","E","19.0","E","-9.0","E","0.0","I","0.0","I","21.9","I","","M",,"",,""
"1992-05","1992","05","","M","","M","","M","","M","","M","","M","","M","","M","","M",,"",,""
"1992-06","1992","06","20.5","","11.0","","15.8","","28.7","","-0.8","","0.0","","0.0","","0.0","","0","",,"",,""
"1992-07","1992","07","22.9","E","14.5","E","18.7","E","29.0","E","9.4","E","60.2","","0.0","","60.2","","0","",,"",,""
"1992-08","1992","08","25.5","E","16.5","E","21.0","E","32.3","E","10.2","E","","M","","M","93.3","","0","",,"",,""
"1992-09","1992","09","21.5","","13.0","","17.2","","27.2","","2.9","","","M","","M","27.3","","0","",,"",,""
"1992-10","1992","10","13.4","","5.4","","9.4","","24.4","","-0.2","","","M","","M","89.3","","0","",,"",,""
"1992-11","1992","11","6.0","","-1.2","","2.4","","16.5","","-7.6","","","M","","M","51.8","","0","",,"",,""
"1992-12","1992","12","2.9","","-4.6","","-0.8","","12.5","","-17.6","","","","","","91.3","","14","",,"",,""
"1993-01","1993","01","-2.9","E","-11.6","","-7.7","E","9.0","E","-27.3","","","","","","83.6","","23","",,"",,""
"1993-02","1993","02","-4.9","","-17.2","","-11.1","","10.4","S","-33.2","","","","","","57.5","","11","",,"",,""
"1993-03","1993","03","1.7","","-8.3","","-3.4","","15.3","","-17.9","","","","","","67.2","","8","",,"",,""
"1993-04","1993","04","8.3","","-0.5","","3.9","","21.5","","-9.5","","","","","","68.2","","0","",,"",,""
"1993-05","1993","05","","","","","","","","","","","","","","","64.6","","0","",,"",,""
"1993-06","1993","06","","","","","","","","","","","","","","","62.1","","0","",,"",,""
"1993-07","1993","07","","","","","","","","","","","","","","","60.4","","0","",,"",,""
"1993-08","1993","08","23.6","I","14.8","I","19.2","I","28.3","I","10.1","I","","","","","22.5","","0","",,"",,""
"1993-09","1993","09","19.4","","11.9","","15.7","","25.0","","5.4","","","","","","35.5","","0","",,"",,""
"1993-10","1993","10","11.3","","3.2","","7.3","","20.9","","-3.4","","","","","","140.5","","0","",,"",,""
"1993-11","1993","11","7.2","","-0.2","","3.5","","16.3","","-8.3","","","","","","68.6","","","",,"",,""
"1993-12","1993","12","2.0","","-4.3","","-1.1","","14.8","","-22.8","","","","","","117.7","","","",,"",,""
"1994-01","1994","01","-4.9","","-16.2","","-10.6","","9.9","","-26.1","","","","","","83.2","","","M",,"",,""
"1994-02","1994","02","-4.6","","-13.6","","-9.1","","14.7","","-25.7","","","","","","31.5","","","M",,"",,""
"1994-03","1994","03","2.2","","-5.2","","-1.5","","10.9","","-20.6","","","","","","114.1","","","",,"",,""
"1994-04","1994","04","10.1","","1.3","","5.7","","23.3","","-8.4","","","","","","63.0","","","",,"",,""
"1994-05","1994","05","12.8","","4.3","","8.6","","25.0","","-1.5","","","","","","75.4","","","",,"",,""
"1994-06","1994","06","21.4","","11.6","","16.5","","28.8","","2.5","","","","","","84.6","","0","",,"",,""
"1994-07","1994","07","25.2","","17.3","","21.3","","30.6","","10.3","","","","","","16.2","","0","",,"",,""
"1994-08","1994","08","23.4","","14.9","","19.2","","29.4","","7.2","","","","","","21.6","","0","",,"",,""
"1994-09","1994","09","17.8","","10.2","","14.0","","22.4","S","2.8","","","","","","39.3","","0","",,"",,""
"1994-10","1994","10","13.4","","7.0","","10.2","","22.8","","-1.4","","","","","","15.4","","0","",,"",,""
"1994-11","1994","11","8.8","","1.0","","5.0","","18.3","S","-8.3","","","","","","83.6","","","",,"",,""
"1994-12","1994","12","0.9","","-5.4","","-2.2","","8.5","","-15.2","","","","","","74.0","","","",,"",,""
"1995-01","1995","01","-0.1","","-6.7","","-3.4","","11.7","","-21.2","","","","","","90.6","","","",,"",,""
"1995-02","1995","02","-3.0","","-12.8","","-7.9","","8.5","","-25.8","","","","","","54.4","","0","",,"",,""
"1995-03","1995","03","1.7","","-5.5","","-1.9","","14.7","","-23.1","","","","","","34.6","","","",,"",,""
"1995-04","1995","04","5.5","","-2.0","","1.8","","12.6","","-12.7","","","","","","29.3","","","",,"",,""
"1995-05","1995","05","10.9","","3.5","","7.2","","24.5","","-2.2","","","","","","99.3","","0","",,"",,""
"1995-06","1995","06","20.4","","10.8","","15.6","","29.6","S","1.9","","","","","","95.1","","0","",,"",,""
"1995-07","1995","07","24.6","","16.6","","20.6","","29.3","","9.8","","","","","","56.8","","0","",,"",,""
"1995-08","1995","08","22.7","","14.7","","18.7","","33.6","","7.2","","","","","","31.1","","0","",,"",,""
"1995-09","1995","09","17.8","","9.6","","13.7","","26.7","","3.3","","","","","","63.0","","0","",,"",,""
"1995-10","1995","10","14.9","","8.5","","11.7","","21.9","","0.6","","","","","","59.6","","0","",,"",,""
"1995-11","1995","11","7.1","","0.4","","3.8","","17.2","","-5.7","","","","","","77.0","","","",,"",,""
"1995-12","1995","12","-0.5","","-6.0","","-3.3","","7.1","","-14.2","","","","","","47.6","","","",,"",,""
"1996-01","1996","01","-1.4","","-10.7","","-6.0","","12.8","","-24.2","","","","","","48.7","","","",,"",,""
"1996-02","1996","02","-0.8","","-9.1","","-4.9","","13.1","","-21.9","","","","","","119.0","","","",,"",,""
"1996-03","1996","03","1.5","","-6.2","","-2.4","","11.6","","-14.8","","","","","","83.6","","","",,"",,""
"1996-04","1996","04","7.9","","0.1","","4.0","","20.8","","-6.4","","","","","","68.7","","","",,"",,""
"1996-05","1996","05","12.3","","4.9","","8.6","","17.2","","-2.0","","","","","","101.7","","","",,"",,""
"1996-06","1996","06","21.1","","11.2","","16.2","","29.0","","3.9","","","","","","32.5","","0","",,"",,""
"1996-07","1996","07","23.0","","15.1","","19.0","","28.5","","10.2","","","","","","126.9","","0","",,"",,""
"1996-08","1996","08","23.5","","15.6","","19.6","","32.2","","10.8","","","","","","6.8","","0","",,"",,""
"1996-09","1996","09","17.6","","11.8","","14.8","","27.6","","4.4","","","","","","121.8","","0","",,"",,""
"1996-10","1996","10","11.4","","4.8","","8.1","","20.4","","-2.7","","","","","","86.8","","0","",,"",,""
"1996-11","1996","11","5.5","","0.7","","3.1","","19.9","","-7.0","","","","","","82.3","","","",,"",,""
"1996-12","1996","12","4.5","","-2.3","","1.1","","14.9","","-18.6","","","","","","69.9","","","",,"",,""
"1997-01","1997","01","-1.8","","-10.9","","-6.4","","9.1","S","-23.3","","","","","","47.8","","","",,"",,""
"1997-02","1997","02","-2.7","","-11.9","","-7.3","","5.3","","-21.2","","","","","","56.1","","","",,"",,""
"1997-03","1997","03","-0.4","","-8.9","","-4.7","","7.6","","-24.8","","","","","","58.6","","","",,"",,""
"1997-04","1997","04","3.7","","-2.5","","0.6","","12.1","","-7.5","","","","","","53.8","","","",,"",,""
"1997-05","1997","05","13.4","","4.4","","8.9","","22.1","","0.2","","","","","","57.4","","","",,"",,""
"1997-06","1997","06","17.1","","9.4","","13.2","","26.2","","0.0","","","","","","54.9","","0","",,"",,""
"1997-07","1997","07","24.5","","14.8","","19.7","","29.8","","7.6","","","","","","48.3","","0","",,"",,""
"1997-08","1997","08","21.4","","14.3","","17.9","","29.5","","7.2","","","","","","36.5","","0","",,"",,""
"1997-09","1997","09","18.4","","12.0","","15.2","","24.5","S","3.0","","","","","","61.5","","0","",,"",,""
"1997-10","1997","10","10.6","","4.9","","7.8","","17.6","","-2.2","","","","","","20.6","","0","",,"",,""
"1997-11","1997","11","5.6","","0.5","","3.1","","18.8","","-8.7","","","","","","79.9","","","",,"",,""
"1997-12","1997","12","0.5","","-5.6","","-2.6","","10.9","","-16.7","","","","","","71.7","","","",,"",,""
"1998-01","1998","01","-1.5","","-8.8","","-5.2","","9.5","","-18.6","","","","","","146.9","","","",,"",,""
"1998-02","1998","02","-0.7","","-7.2","","-4.0","","7.2","","-18.5","","","","","","34.5","","","",,"",,""
"1998-03","1998","03","3.3","","-3.7","","-0.2","","13.6","","-13.1","","","","","","79.7","","","",,"",,""
"1998-04","1998","04","6.7","","0.4","","3.6","","19.2","","-4.0","","","","","","90.8","","","",,"",,""
"1998-05","1998","05","16.9","","7.8","","12.4","","25.4","","-0.1","","","","","","48.9","","","",,"",,""
"1998-06","1998","06","18.9","","10.9","","14.9","","26.2","","3.0","","","","","","132.6","","0","",,"",,""
"1998-07","1998","07","24.5","","15.6","","20.1","","31.6","","11.1","","","","","","49.8","","0","",,"",,""
"1998-08","1998","08","23.3","","14.7","","19.0","","32.0","","9.8","","","","","","32.6","","0","",,"",,""
"1998-09","1998","09","18.6","","12.0","","15.3","","23.5","","6.1","","","","","","89.9","","0","",,"",,""
"1998-10","1998","10","11.8","","6.6","","9.2","","20.6","","-2.7","","","","","","136.4","","0","",,"",,""
"1998-11","1998","11","5.4","","0.1","","2.8","","12.4","","-5.7","","","","","","57.6","","","",,"",,""
"1998-12","1998","12","1.8","","-5.2","","-1.7","","13.0","","-17.1","","","","","","45.2","","","",,"",,""
"1999-01","1999","01","-0.4","","-10.1","","-5.3","","15.5","","-23.3","","","","","","70.6","","","",,"",,""
"1999-02","1999","02","0.6","I","-7.2","I","-3.2","I","12.3","I","-12.9","I","","","","","12.1","I","","",,"",,""
"1999-03","1999","03","5.5","I","-0.6","I","2.5","I","11.4","I","-3.3","I","","","","","63.2","I","0","",,"",,""
"1999-04","1999","04","6.0","","-0.4","","2.9","","12.7","","-5.7","","","","","","30.5","","0","",,"",,""
"1999-05","1999","05","17.7","","7.2","","12.5","","26.3","","0.0","","","","","","9.8","","0","",,"",,""
"1999-06","1999","06","23.1","","13.0","","18.1","","30.0","","5.0","","","","","","23.8","","0","",,"",,""
"1999-07","1999","07","24.7","","16.4","","20.5","","32.3","","11.3","","","","","","70.5","","0","",,"",,""
"1999-08","1999","08","22.4","","15.4","","18.9","","28.5","S","8.7","","","","","","99.4","","0","",,"",,""
"1999-09","1999","09","22.9","","14.7","","18.8","","28.2","","5.6","","","","","","102.3","","0","",,"",,""
"1999-10","1999","10","11.7","","4.6","","8.1","","19.7","","-1.6","","","","","","70.8","","0","",,"",,""
"1999-11","1999","11","8.4","","1.2","","4.8","","19.7","","-7.0","","","","","","36.8","","0","",,"",,""
"1999-12","1999","12","2.4","","-3.9","","-0.8","","13.2","","-16.4","","","","","","72.5","","5","",,"",,""
"2000-01","2000","01","-0.6","","-9.9","","-5.3","","12.4","","-21.0","","","","","","131.8","","4","",,"",,""
"2000-02","2000","02","-0.4","","-9.6","","-5.0","","14.7","","-19.3","","","","","","28.3","","","M",,"",,""
"2000-03","2000","03","4.0","","-3.2","","0.3","","16.0","","-13.2","","","","","","67.0","","","",,"",,""
"2000-04","2000","04","7.6","","1.0","","4.3","","19.0","","-4.5","","","","","","40.8","","","",,"",,""
"2000-05","2000","05","11.5","","4.0","","7.8","","20.5","","-1.3","","","","","","63.2","","0","",,"",,""
"2000-06","2000","06","20.0","","10.7","","15.4","","30.9","","2.1","","","","","","30.6","","0","",,"",,""
"2000-07","2000","07","21.2","I","14.0","I","17.6","I","27.8","I","11.4","I","","","","","76.7","I","0","",,"",,""
"2000-08","2000","08","22.7","","15.6","","19.2","","27.2","","10.3","","","","","","53.0","","0","",,"",,""
"2000-09","2000","09","18.6","","11.0","","14.8","","28.6","","1.1","","","","","","53.1","","0","",,"",,""
"2000-10","2000","10","13.6","","6.5","","10.1","","20.0","","-1.4","S","","","","","170.2","","0","",,"",,""
"2000-11","2000","11","6.0","","3.0","","4.5","","14.0","","-7.4","","","","","","89.1","","1","",,"",,""
"2000-12","2000","12","0.2","","-7.7","","-3.8","","14.6","","-16.2","","","","","","130.8","","27","",,"",,""
"2001-01","2001","01","-2.9","","-9.9","","-6.4","","1.3","","-19.6","","","","","","99.9","","62","",,"",,""
"2001-02","2001","02","-3.1","","-11.1","","-7.1","","7.0","","-22.6","","","","","","61.8","","70","",,"",,""
"2001-03","2001","03","","","","","","","","","","","","","","","","","","",,"",,""
"2001-04","2001","04","5.3","","-1.7","","1.8","","17.1","","-8.0","","","","","","80.6","","0","",,"",,""
"2001-05","2001","05","15.2","","4.9","","10.1","","25.7","","-5.4","","","","","","110.3","","0","",,"",,""
"2001-06","2001","06","21.6","","12.1","","16.9","","31.4","","4.2","","","","","","80.6","","0","",,"",,""
"2001-07","2001","07","23.6","","14.6","","19.1","","31.1","","10.0","","","","","","56.8","","0","",,"",,""
"2001-08","2001","08","25.2","","16.4","","20.8","","33.4","","11.9","","","","","","17.5","","0","",,"",,""
"2001-09","2001","09","20.9","","12.6","","16.8","","33.1","","1.7","","","","","","35.4","","0","",,"",,""
"2001-10","2001","10","15.5","","7.0","","11.3","","24.8","","0.1","","","","","","79.6","","0","",,"",,""
"2001-11","2001","11","7.6","","1.4","","4.5","","15.9","","-4.6","","","","","","77.6","","2","",,"",,""
"2001-12","2001","12","2.6","","-2.4","","0.1","","14.3","","-9.2","","","","","","45.6","","0","",,"",,""
"2002-01","2002","01","-2.5","","-8.1","","-5.3","","2.9","","-15.5","","","","","","85.9","","53","",,"",,""
"2002-02","2002","02","-1.1","","-9.4","","-5.3","","8.8","","-19.3","","","","","","83.0","","2","",,"",,""
"2002-03","2002","03","1.9","","-5.2","","-1.7","","12.1","S","-12.3","","","","","","74.6","","0","",,"",,""
"2002-04","2002","04","6.0","","0.3","E","3.1","E","13.9","","-4.6","E","","","","","95.4","","6","",,"",,""
"2002-05","2002","05","15.0","","4.9","","10.0","","26.0","","-1.3","","","","","","60.6","","0","",,"",,""
"2002-06","2002","06","17.2","","9.2","","13.2","","28.2","","-0.6","","","","","","81.8","","0","",,"",,""
"2002-07","2002","07","22.6","","14.4","","18.5","","30.7","","7.5","","","","","","60.9","","0","",,"",,""
"2002-08","2002","08","24.0","","16.2","","20.1","","33.4","","10.0","","","","","","82.7","","0","",,"",,""
"2002-09","2002","09","19.4","","11.8","E","15.6","E","26.8","","5.2","E","","","","","170.3","","0","",,"",,""
"2002-10","2002","10","11.2","","4.8","","8.0","","25.5","","-2.6","","","","","","80.7","I","0","",,"",,""
"2002-11","2002","11","5.6","","-0.6","","2.5","","18.8","","-8.4","","","","","","195.1","","8","",,"",,""
"2002-12","2002","12","0.3","","-5.7","","-2.7","","9.8","","-17.5","","","","","","95.8","","4","",,"",,""
"2003-01","2003","01","-5.5","","-12.4","","-9.0","","3.3","","-24.0","","","","","","43.2","","","M",,"",,""
"2003-02","2003","02","-4.8","","-12.0","","-8.4","","7.0","","-26.0","","","","","","86.5","","8","",,"",,""
"2003-03","2003","03","0.5","","-7.6","","-3.6","","10.8","","-17.8","","","","","","131.1","","","M",,"",,""
"2003-04","2003","04","6.3","","-2.2","","2.0","","21.8","","-9.7","","","","","","56.2","","0","",,"",,""
"2003-05","2003","05","13.7","I","4.4","I","9.1","I","27.6","I","-3.0","I","","","","","40.2","I","0","",,"",,""
"2003-06","2003","06","21.0","","11.1","","16.1","","32.4","","2.9","","","","","","85.2","","0","",,"",,""
"2003-07","2003","07","24.6","","16.7","","20.7","","28.6","","12.2","","","","","","67.7","","0","",,"",,""
"2003-08","2003","08","23.0","","15.4","","19.2","","28.9","","8.1","","","","","","83.6","","0","",,"",,""
"2003-09","2003","09","22.0","","13.2","","17.6","","27.4","","5.5","","","","","","45.9","","0","",,"",,""
"2003-10","2003","10","14.4","","6.7","","10.6","","25.5","","-2.3","","","","","","125.5","","0","",,"",,""
"2003-11","2003","11","7.9","","1.2","","4.6","","19.5","","-4.2","","","","","","52.8","","0","",,"",,""
"2003-12","2003","12","2.8","","-3.8","","-0.5","","12.6","","-11.0","","","","","","117.7","","","",,"",,""
"2004-01","2004","01","-6.6","","-13.8","","-10.2","","4.8","","-26.0","","","","","","52.4","I","","M",,"",,""
"2004-02","2004","02","-2.6","","-10.0","","-6.3","","5.1","","-21.3","","","","","","95.4","","35","",,"",,""
"2004-03","2004","03","1.9","","-6.4","","-2.2","","9.8","","-18.7","","","","","","67.9","","14","",,"",,""
"2004-04","2004","04","7.2","","-0.4","","3.4","","21.4","","-5.1","","","","","","76.6","","0","",,"",,""
"2004-05","2004","05","14.4","","4.5","","9.5","","26.0","","-1.6","","","","","","21.0","","0","",,"",,""
"2004-06","2004","06","17.7","","9.1","","13.4","","28.5","","2.0","","","","","","81.1","","0","",,"",,""
"2004-07","2004","07","23.6","","15.4","","19.5","","29.7","","9.2","","","","","","45.2","","0","",,"",,""
"2004-08","2004","08","23.9","","16.3","","20.1","","29.4","","8.7","","","","","","84.4","","0","",,"",,""
"2004-09","2004","09","18.3","","11.2","","14.8","","25.3","","4.2","","","","","","58.2","","0","",,"",,""
"2004-10","2004","10","14.0","","7.3","","10.7","","20.6","","-0.6","","","","","","81.9","","0","",,"",,""
"2004-11","2004","11","6.3","","0.6","","3.5","","15.2","","-7.8","","","","","","114.1","","1","",,"",,""
"2004-12","2004","12","1.8","","-6.4","","-2.3","","12.8","S","-17.0","","","","","","151.8","","6","",,"",,""
"2005-01","2005","01","-4.8","","-12.3","","-8.6","","12.0","","-22.6","","","","","","113.6","","5","",,"",,""
"2005-02","2005","02","-1.3","","-10.4","","-5.9","","8.4","","-22.2","","","","","","24.7","","2","",,"",,""
"2005-03","2005","03","1.3","","-6.0","","-2.4","","10.2","","-14.4","","","","","","91.9","","1","",,"",,""
"2005-04","2005","04","9.1","","0.5","","4.8","","19.4","","-4.0","","","","","","57.7","","0","",,"",,""
"2005-05","2005","05","9.8","","3.5","","6.6","","19.2","","-0.8","","","","","","73.1","","0","",,"",,""
"2005-06","2005","06","20.1","","10.6","","15.4","","30.9","","0.9","","","","","","53.6","","0","",,"",,""
"2005-07","2005","07","22.8","","15.1","","19.0","","29.0","","7.1","","","","","","90.3","","0","",,"",,""
"2005-08","2005","08","23.9","","15.5","","19.7","","30.2","","10.5","","","","","","29.3","","0","",,"",,""
"2005-09","2005","09","20.2","","13.1","","16.7","","26.9","","6.3","","","","","","114.1","","0","",,"",,""
"2005-10","2005","10","13.4","","7.6","","10.5","","23.5","","-1.7","","","","","","188.0","","0","",,"",,""
"2005-11","2005","11","9.2","","1.5","","5.4","","16.5","","-6.6","","","","","","130.6","","1","",,"",,""
"2005-12","2005","12","1.9","","-4.2","","-1.2","","13.2","","-16.0","","","","","","77.5","","2","",,"",,""
"2006-01","2006","01","1.7","","-4.5","","-1.4","","14.8","","-9.9","","","","","","65.3","","1","",,"",,""
"2006-02","2006","02","-1.3","","-8.6","","-5.0","","10.5","","-18.0","","","","","","55.7","","2","",,"",,""
"2006-03","2006","03","2.9","","-4.3","","-0.7","","13.4","","-20.9","","","","","","27.6","","0","T",,"",,""
"2006-04","2006","04","8.2","","1.0","","4.7","","17.7","","-3.8","","","","","","100.2","","0","",,"",,""
"2006-05","2006","05","","","","","","","","","","","","","","","","","","",,"",,""
"2006-06","2006","06","","","","","","","","","","","","","","","","","","",,"",,""
"2006-07","2006","07","25.3","","16.8","","21.1","","31.0","","10.7","","","","","","107.4","","0","",,"",,""
"2006-08","2006","08","21.8","","13.7","","17.8","","26.7","","8.7","","","","","","74.4","","0","",,"",,""
"2006-09","2006","09","19.4","","11.7","","15.5","","25.4","","2.9","","","","","","36.3","","0","",,"",,""
"2006-10","2006","10","13.1","","6.4","","9.7","","22.9","","-1.3","","","","","","160.8","","0","",,"",,""
"2006-11","2006","11","9.5","","2.6","","6.1","","20.0","","-3.9","","","","","","77.7","","0","",,"",,""
"2006-12","2006","12","2.5","","-4.0","","-0.7","","8.6","","-11.6","","","","","","83.2","","","",,"",,""
"2007-01","2007","01","-1.1","","-9.0","","-5.0","","13.0","","-19.4","","","","","","120.3","","","",,"",,""
"2007-02","2007","02","-4.5","","-12.5","","-8.5","","3.1","","-21.8","","","","","","13.4","","","",,"",,""
"2007-03","2007","03","2.1","","-5.8","","-1.8","","12.1","","-19.9","","","","","","44.5","","","",,"",,""
"2007-04","2007","04","5.2","","-1.4","","2.0","","22.5","","-7.5","","","","","","57.0","","0","",,"",,""
"2007-05","2007","05","12.8","","4.5","","8.7","","24.5","","-1.4","","","","","","66.2","","0","",,"",,""
"2007-06","2007","06","18.5","","10.0","","14.3","","27.6","","3.1","","","","","","78.0","I","0","",,"",,""
"2007-07","2007","07","24.3","","16.1","","20.2","","32.1","","10.0","","","","","","62.6","","0","",,"",,""
